no error
6848:26;7738:23;9405:15;10329:17;
7194:13;7264:21;8788:7;10252:15;
6848:26;7738:23;9405:15;10329:17;
6848:26;7738:23;9405:15;10329:17;
2184:28;6162:19;6867:17;7738:23;9405:15;10329:17;2184:28;
6848:26;7738:23;9405:15;10329:17;
6848:26;7738:23;9405:15;10329:17;
6848:26;7738:23;9405:15;10329:17;
2184:28;6162:19;6867:17;7738:23;9405:15;10329:17;2184:28;
6848:26;7738:23;9405:15;10329:17;
7194:13;7264:21;8788:7;10252:15;
6848:26;7738:23;9405:15;10329:17;
6848:26;7738:23;9405:15;10329:17;
9876:34;9876:34;
6848:26;7738:23;9405:15;10329:17;
7194:13;7264:21;8788:7;10252:15;
6848:26;7738:23;9405:15;10329:17;
6848:26;7738:23;9405:15;10329:17;
6848:26;7738:23;9405:15;10329:17;
7194:13;7264:21;8788:7;10252:15;
no error
6848:26;7738:23;9405:15;10329:17;
6848:26;7738:23;9405:15;10329:17;
6848:26;7738:23;9405:15;10329:17;
7194:13;7264:21;8788:7;10252:15;
6848:26;7738:23;9405:15;10329:17;
6541:29;7288:7;8788:7;10252:15;
6848:26;7738:23;9405:15;10329:17;
6848:26;7738:23;9405:15;10329:17;
6848:26;7738:23;9405:15;10329:17;
7194:13;7264:21;8788:7;10252:15;
6848:26;7738:23;9405:15;10329:17;
7194:13;7264:21;8788:7;10252:15;
9556:45;9556:25;9556:25;9556:25;9556:25;9556:25;9556:25;9556:25;9556:25;9556:25;9556:25;9556:25;9770:21;
6848:26;7738:23;9405:15;10329:17;
6848:26;7738:23;9405:15;10329:17;
7194:13;7264:21;8788:7;10252:15;
6848:26;7738:23;9405:15;10329:17;
6848:26;7738:23;9405:15;10329:17;
6848:26;7738:23;9405:15;10329:17;
7194:13;7264:21;8788:7;10252:15;
6848:26;7738:23;9405:15;10329:17;
6848:26;7738:23;9405:15;10329:17;
7194:13;7264:21;8788:7;10252:15;
6848:26;7738:23;9405:15;10329:17;
no error
2184:28;6162:19;6867:17;7738:23;9405:15;10329:17;2184:28;
6848:26;7738:23;9405:15;10329:17;
6848:26;7738:23;9405:15;10329:17;
6848:26;7738:23;9405:15;10329:17;
6848:26;7738:23;9405:15;10329:17;
6848:26;7738:23;9405:15;10329:17;
9876:34;9876:34;
6848:26;7738:23;9405:15;10329:17;
6848:26;7738:23;9405:15;10329:17;
6541:29;7288:7;8788:7;10252:15;
6848:26;7738:23;9405:15;10329:17;
7194:13;7264:21;8788:7;10252:15;
6848:26;7738:23;9405:15;10329:17;
2184:28;6162:19;6867:17;7738:23;9405:15;10329:17;2184:28;
9876:34;9876:34;
6848:26;7738:23;9405:15;10329:17;
6848:26;7738:23;9405:15;10329:17;
6848:26;7738:23;9405:15;10329:17;
6848:26;7738:23;9405:15;10329:17;
6848:26;7738:23;9405:15;10329:17;
7194:13;7264:21;8788:7;10252:15;
6848:26;7738:23;9405:15;10329:17;
6848:26;7738:23;9405:15;10329:17;
6848:26;7738:23;9405:15;10329:17;
7194:13;7264:21;8788:7;10252:15;
6848:26;7738:23;9405:15;10329:17;
6848:26;7738:23;9405:15;10329:17;
6848:26;7738:23;9405:15;10329:17;
6848:26;7738:23;9405:15;10329:17;
6848:26;7738:23;9405:15;10329:17;
6848:26;7738:23;9405:15;10329:17;
7194:13;7264:21;8788:7;10252:15;
6848:26;7738:23;9405:15;10329:17;
6848:26;7738:23;9405:15;10329:17;
6848:26;7738:23;9405:15;10329:17;
6848:26;7738:23;9405:15;10329:17;
7194:13;7264:21;8788:7;10252:15;
6848:26;7738:23;9405:15;10329:17;
7194:13;7264:21;8788:7;10252:15;
6848:26;7738:23;9405:15;10329:17;
6848:26;7738:23;9405:15;10329:17;
7194:13;7264:21;8788:7;10252:15;
6848:26;7738:23;9405:15;10329:17;
7194:13;7264:21;8788:7;10252:15;
6848:26;7738:23;9405:15;10329:17;
7194:13;7264:21;8788:7;10252:15;
6848:26;7738:23;9405:15;10329:17;
6848:26;7738:23;9405:15;10329:17;
6848:26;7738:23;9405:15;10329:17;
6848:26;7738:23;9405:15;10329:17;
6848:26;7738:23;9405:15;10329:17;
6848:26;7738:23;9405:15;10329:17;
9876:34;9876:34;
9876:34;9876:34;
6848:26;7738:23;9405:15;10329:17;
2184:28;6162:19;6867:17;7738:23;9405:15;10329:17;2184:28;
no error
9640:3;
6848:26;7738:23;9405:15;10329:17;
9876:34;9876:34;
7194:13;7264:21;8788:7;10252:15;
6848:26;7738:23;9405:15;10329:17;
6848:26;7738:23;9405:15;10329:17;
6848:26;7738:23;9405:15;10329:17;
6541:29;7288:7;8788:7;10252:15;
6848:26;7738:23;9405:15;10329:17;
9556:45;9556:25;9556:25;9556:25;9770:21;
6848:26;7738:23;9405:15;10329:17;
6848:26;7738:23;9405:15;10329:17;
6848:26;7738:23;9405:15;10329:17;
6848:26;7738:23;9405:15;10329:17;
6848:26;7738:23;9405:15;10329:17;
7194:13;7264:21;8788:7;10252:15;
9556:45;9556:25;9556:25;9556:25;9556:25;9556:25;9556:25;9556:25;9556:25;9556:25;9556:25;9556:25;9556:25;9556:25;9556:25;9556:25;9556:25;9556:25;9556:25;9556:25;9556:25;9770:21;
6848:26;7738:23;9405:15;10329:17;
6848:26;7738:23;9405:15;10329:17;
6848:26;7738:23;9405:15;10329:17;
6848:26;7738:23;9405:15;10329:17;
445:39;4018:15;4572:9;5185:17;5308:18;6525:21;7288:7;8788:7;10229:11;445:39;
6848:26;7738:23;9405:15;10329:17;
7194:13;7264:21;8788:7;10252:15;
6848:26;7738:23;9405:15;10329:17;
9640:3;
6848:26;7738:23;9405:15;10329:17;
6848:26;7738:23;9405:15;10329:17;
6848:26;7738:23;9405:15;10329:17;
9556:45;9556:25;9556:25;9556:25;9556:25;9556:25;9770:21;
7194:13;7264:21;8788:7;10252:15;
7194:13;7264:21;8788:7;10252:15;
7194:13;7264:21;8788:7;10252:15;
no error
6848:26;7738:23;9405:15;10329:17;
7194:13;7264:21;8788:7;10252:15;
6848:26;7738:23;9405:15;10329:17;
7194:13;7264:21;8788:7;10252:15;
6848:26;7738:23;9405:15;10329:17;
7194:13;7264:21;8788:7;10252:15;
7194:13;7264:21;8788:7;10252:15;
9556:45;9556:25;9556:25;9556:25;9556:25;9556:25;9556:25;9556:25;9556:25;9556:25;9556:25;9556:25;9556:25;9770:21;
6848:26;7738:23;9405:15;10329:17;
6848:26;7738:23;9405:15;10329:17;
7194:13;7264:21;8788:7;10252:15;
6848:26;7738:23;9405:15;10329:17;
6848:26;7738:23;9405:15;10329:17;
6848:26;7738:23;9405:15;10329:17;
6848:26;7738:23;9405:15;10329:17;
6848:26;7738:23;9405:15;10329:17;
6848:26;7738:23;9405:15;10329:17;
9876:34;9876:34;
6541:29;7288:7;8788:7;10252:15;
9556:45;9556:25;9556:25;9556:25;9556:25;9556:25;9556:25;9556:25;9556:25;9556:25;9556:25;9556:25;9556:25;9556:25;9556:25;9556:25;9556:25;9770:21;
6848:26;7738:23;9405:15;10329:17;
7194:13;7264:21;8788:7;10252:15;
7194:13;7264:21;8788:7;10252:15;
6848:26;7738:23;9405:15;10329:17;
7194:13;7264:21;8788:7;10252:15;
no error
6848:26;7738:23;9405:15;10329:17;
no error
6848:26;7738:23;9405:15;10329:17;
6848:26;7738:23;9405:15;10329:17;
6848:26;7738:23;9405:15;10329:17;
6848:26;7738:23;9405:15;10329:17;
9876:34;9876:34;
445:39;4018:15;4572:9;5185:17;5308:18;6525:21;7288:7;8788:7;10229:11;445:39;
6848:26;7738:23;9405:15;10329:17;
6848:26;7738:23;9405:15;10329:17;
7194:13;7264:21;8788:7;10252:15;
6848:26;7738:23;9405:15;10329:17;
6848:26;7738:23;9405:15;10329:17;
6848:26;7738:23;9405:15;10329:17;
6848:26;7738:23;9405:15;10329:17;
7194:13;7264:21;8788:7;10252:15;
9640:3;
6848:26;7738:23;9405:15;10329:17;
6848:26;7738:23;9405:15;10329:17;
445:39;4018:15;4572:9;5185:17;5308:18;6525:21;7288:7;8788:7;10229:11;445:39;
9556:45;9556:25;9556:25;9556:25;9556:25;9556:25;9556:25;9556:25;9556:25;9556:25;9556:25;9556:25;9556:25;9556:25;9556:25;9556:25;9556:25;9556:25;9556:25;9556:25;9556:25;9556:25;9770:21;
7194:13;7264:21;8788:7;10252:15;
6848:26;7738:23;9405:15;10329:17;
6848:26;7738:23;9405:15;10329:17;
9876:34;9876:34;
9556:45;9556:25;9556:25;9770:21;
6848:26;7738:23;9405:15;10329:17;
7194:13;7264:21;8788:7;10252:15;
6848:26;7738:23;9405:15;10329:17;
6848:26;7738:23;9405:15;10329:17;
6848:26;7738:23;9405:15;10329:17;
6848:26;7738:23;9405:15;10329:17;
9556:45;9556:25;9556:25;9556:25;9770:21;
6848:26;7738:23;9405:15;10329:17;
6848:26;7738:23;9405:15;10329:17;
6848:26;7738:23;9405:15;10329:17;
9640:3;
6848:26;7738:23;9405:15;10329:17;
6848:26;7738:23;9405:15;10329:17;
6848:26;7738:23;9405:15;10329:17;
6848:26;7738:23;9405:15;10329:17;
6848:26;7738:23;9405:15;10329:17;
6848:26;7738:23;9405:15;10329:17;
6848:26;7738:23;9405:15;10329:17;
7194:13;7264:21;8788:7;10252:15;
6848:26;7738:23;9405:15;10329:17;
6848:26;7738:23;9405:15;10329:17;
6848:26;7738:23;9405:15;10329:17;
6848:26;7738:23;9405:15;10329:17;
6848:26;7738:23;9405:15;10329:17;
6848:26;7738:23;9405:15;10329:17;
6848:26;7738:23;9405:15;10329:17;
6848:26;7738:23;9405:15;10329:17;
6848:26;7738:23;9405:15;10329:17;
9876:34;9876:34;
7194:13;7264:21;8788:7;10252:15;
6848:26;7738:23;9405:15;10329:17;
2184:28;6162:19;6867:17;7738:23;9405:15;10329:17;2184:28;
6848:26;7738:23;9405:15;10329:17;
6848:26;7738:23;9405:15;10329:17;
6848:26;7738:23;9405:15;10329:17;
6848:26;7738:23;9405:15;10329:17;
6848:26;7738:23;9405:15;10329:17;
6848:26;7738:23;9405:15;10329:17;
7194:13;7264:21;8788:7;10252:15;
no error
6848:26;7738:23;9405:15;10329:17;
6848:26;7738:23;9405:15;10329:17;
6848:26;7738:23;9405:15;10329:17;
445:39;4018:15;4572:9;5185:17;5308:18;6525:21;7288:7;8788:7;10229:11;445:39;
9556:45;9556:25;9556:25;9556:25;9556:25;9556:25;9556:25;9556:25;9556:25;9556:25;9556:25;9556:25;9556:25;9556:25;9556:25;9556:25;9556:25;9556:25;9556:25;9556:25;9556:25;9556:25;9556:25;9556:25;9556:25;9556:25;9770:21;
6848:26;7738:23;9405:15;10329:17;
6848:26;7738:23;9405:15;10329:17;
7194:13;7264:21;8788:7;10252:15;
7194:13;7264:21;8788:7;10252:15;
6848:26;7738:23;9405:15;10329:17;
6848:26;7738:23;9405:15;10329:17;
445:39;4018:15;4572:9;5185:17;5308:18;6525:21;7288:7;8788:7;10229:11;445:39;
6848:26;7738:23;9405:15;10329:17;
9556:45;9556:25;9556:25;9556:25;9556:25;9770:21;
6848:26;7738:23;9405:15;10329:17;
6848:26;7738:23;9405:15;10329:17;
7194:13;7264:21;8788:7;10252:15;
2184:28;6162:19;6867:17;7738:23;9405:15;10329:17;2184:28;
9556:45;9556:25;9556:25;9556:25;9556:25;9556:25;9556:25;9556:25;9556:25;9556:25;9556:25;9556:25;9556:25;9556:25;9770:21;
6848:26;7738:23;9405:15;10329:17;
7194:13;7264:21;8788:7;10252:15;
6848:26;7738:23;9405:15;10329:17;
9876:34;9876:34;
6848:26;7738:23;9405:15;10329:17;
6848:26;7738:23;9405:15;10329:17;
6848:26;7738:23;9405:15;10329:17;
6848:26;7738:23;9405:15;10329:17;
6848:26;7738:23;9405:15;10329:17;
6848:26;7738:23;9405:15;10329:17;
6848:26;7738:23;9405:15;10329:17;
6848:26;7738:23;9405:15;10329:17;
6848:26;7738:23;9405:15;10329:17;
6848:26;7738:23;9405:15;10329:17;
6848:26;7738:23;9405:15;10329:17;
7194:13;7264:21;8788:7;10252:15;
6848:26;7738:23;9405:15;10329:17;
7194:13;7264:21;8788:7;10252:15;
6848:26;7738:23;9405:15;10329:17;
6848:26;7738:23;9405:15;10329:17;
6848:26;7738:23;9405:15;10329:17;
6848:26;7738:23;9405:15;10329:17;
6848:26;7738:23;9405:15;10329:17;
6848:26;7738:23;9405:15;10329:17;
6848:26;7738:23;9405:15;10329:17;
6848:26;7738:23;9405:15;10329:17;
6848:26;7738:23;9405:15;10329:17;
6848:26;7738:23;9405:15;10329:17;
6848:26;7738:23;9405:15;10329:17;
6848:26;7738:23;9405:15;10329:17;
6848:26;7738:23;9405:15;10329:17;
6848:26;7738:23;9405:15;10329:17;
6848:26;7738:23;9405:15;10329:17;
6848:26;7738:23;9405:15;10329:17;
6848:26;7738:23;9405:15;10329:17;
6848:26;7738:23;9405:15;10329:17;
no error
6848:26;7738:23;9405:15;10329:17;
6848:26;7738:23;9405:15;10329:17;
6848:26;7738:23;9405:15;10329:17;
6848:26;7738:23;9405:15;10329:17;
6848:26;7738:23;9405:15;10329:17;
7194:13;7264:21;8788:7;10252:15;
7194:13;7264:21;8788:7;10252:15;
6848:26;7738:23;9405:15;10329:17;
6848:26;7738:23;9405:15;10329:17;
6848:26;7738:23;9405:15;10329:17;
6848:26;7738:23;9405:15;10329:17;
6848:26;7738:23;9405:15;10329:17;
6848:26;7738:23;9405:15;10329:17;
6848:26;7738:23;9405:15;10329:17;
7194:13;7264:21;8788:7;10252:15;
6848:26;7738:23;9405:15;10329:17;
6848:26;7738:23;9405:15;10329:17;
6848:26;7738:23;9405:15;10329:17;
6848:26;7738:23;9405:15;10329:17;
9876:34;9876:34;
6848:26;7738:23;9405:15;10329:17;
6848:26;7738:23;9405:15;10329:17;
6848:26;7738:23;9405:15;10329:17;
6848:26;7738:23;9405:15;10329:17;
6848:26;7738:23;9405:15;10329:17;
6848:26;7738:23;9405:15;10329:17;
6848:26;7738:23;9405:15;10329:17;
6848:26;7738:23;9405:15;10329:17;
6848:26;7738:23;9405:15;10329:17;
6848:26;7738:23;9405:15;10329:17;
6848:26;7738:23;9405:15;10329:17;
6848:26;7738:23;9405:15;10329:17;
6848:26;7738:23;9405:15;10329:17;
6848:26;7738:23;9405:15;10329:17;
6848:26;7738:23;9405:15;10329:17;
9556:45;9556:25;9556:25;9556:25;9556:25;9556:25;9556:25;9556:25;9556:25;9770:21;
6848:26;7738:23;9405:15;10329:17;
6848:26;7738:23;9405:15;10329:17;
6848:26;7738:23;9405:15;10329:17;
6848:26;7738:23;9405:15;10329:17;
6848:26;7738:23;9405:15;10329:17;
6848:26;7738:23;9405:15;10329:17;
6848:26;7738:23;9405:15;10329:17;
7194:13;7264:21;8788:7;10252:15;
6848:26;7738:23;9405:15;10329:17;
6848:26;7738:23;9405:15;10329:17;
7194:13;7264:21;8788:7;10252:15;
no error
6848:26;7738:23;9405:15;10329:17;
6848:26;7738:23;9405:15;10329:17;
6848:26;7738:23;9405:15;10329:17;
6848:26;7738:23;9405:15;10329:17;
6848:26;7738:23;9405:15;10329:17;
6848:26;7738:23;9405:15;10329:17;
7194:13;7264:21;8788:7;10252:15;
6848:26;7738:23;9405:15;10329:17;
6848:26;7738:23;9405:15;10329:17;
9876:34;9876:34;
9556:45;9556:25;9556:25;9556:25;9556:25;9556:25;9556:25;9556:25;9770:21;
6848:26;7738:23;9405:15;10329:17;
no error
6848:26;7738:23;9405:15;10329:17;
7194:13;7264:21;8788:7;10252:15;
6848:26;7738:23;9405:15;10329:17;
6848:26;7738:23;9405:15;10329:17;
6848:26;7738:23;9405:15;10329:17;
no error
6848:26;7738:23;9405:15;10329:17;
6848:26;7738:23;9405:15;10329:17;
6848:26;7738:23;9405:15;10329:17;
9556:45;9556:25;9556:25;9556:25;9556:25;9556:25;9556:25;9556:25;9556:25;9556:25;9556:25;9556:25;9556:25;9556:25;9770:21;
6848:26;7738:23;9405:15;10329:17;
6848:26;7738:23;9405:15;10329:17;
6848:26;7738:23;9405:15;10329:17;
6848:26;7738:23;9405:15;10329:17;
2184:28;6162:19;6867:17;7738:23;9405:15;10329:17;2184:28;
6848:26;7738:23;9405:15;10329:17;
6848:26;7738:23;9405:15;10329:17;
7194:13;7264:21;8788:7;10252:15;
6848:26;7738:23;9405:15;10329:17;
6848:26;7738:23;9405:15;10329:17;
6848:26;7738:23;9405:15;10329:17;
6848:26;7738:23;9405:15;10329:17;
7194:13;7264:21;8788:7;10252:15;
6848:26;7738:23;9405:15;10329:17;
6848:26;7738:23;9405:15;10329:17;
6848:26;7738:23;9405:15;10329:17;
2184:28;6162:19;6867:17;7738:23;9405:15;10329:17;2184:28;
6848:26;7738:23;9405:15;10329:17;
6848:26;7738:23;9405:15;10329:17;
7194:13;7264:21;8788:7;10252:15;
6848:26;7738:23;9405:15;10329:17;
6848:26;7738:23;9405:15;10329:17;
6848:26;7738:23;9405:15;10329:17;
9876:34;9876:34;
6848:26;7738:23;9405:15;10329:17;
6848:26;7738:23;9405:15;10329:17;
6848:26;7738:23;9405:15;10329:17;
9876:34;9876:34;
6848:26;7738:23;9405:15;10329:17;
9556:45;9556:25;9556:25;9556:25;9556:25;9556:25;9770:21;
9876:34;9876:34;
6848:26;7738:23;9405:15;10329:17;
6848:26;7738:23;9405:15;10329:17;
6848:26;7738:23;9405:15;10329:17;
6848:26;7738:23;9405:15;10329:17;
6848:26;7738:23;9405:15;10329:17;
6848:26;7738:23;9405:15;10329:17;
6848:26;7738:23;9405:15;10329:17;
9876:34;9876:34;
6848:26;7738:23;9405:15;10329:17;
6848:26;7738:23;9405:15;10329:17;
6848:26;7738:23;9405:15;10329:17;
6848:26;7738:23;9405:15;10329:17;
7194:13;7264:21;8788:7;10252:15;
6848:26;7738:23;9405:15;10329:17;
6848:26;7738:23;9405:15;10329:17;
6848:26;7738:23;9405:15;10329:17;
6848:26;7738:23;9405:15;10329:17;
6848:26;7738:23;9405:15;10329:17;
7194:13;7264:21;8788:7;10252:15;
6848:26;7738:23;9405:15;10329:17;
6848:26;7738:23;9405:15;10329:17;
7194:13;7264:21;8788:7;10252:15;
6848:26;7738:23;9405:15;10329:17;
6848:26;7738:23;9405:15;10329:17;
7194:13;7264:21;8788:7;10252:15;
6848:26;7738:23;9405:15;10329:17;
7194:13;7264:21;8788:7;10252:15;
9876:34;9876:34;
6848:26;7738:23;9405:15;10329:17;
6848:26;7738:23;9405:15;10329:17;
7194:13;7264:21;8788:7;10252:15;
6848:26;7738:23;9405:15;10329:17;
6848:26;7738:23;9405:15;10329:17;
9640:3;
6848:26;7738:23;9405:15;10329:17;
6848:26;7738:23;9405:15;10329:17;
6848:26;7738:23;9405:15;10329:17;
6848:26;7738:23;9405:15;10329:17;
6848:26;7738:23;9405:15;10329:17;
2184:28;6162:19;6867:17;7738:23;9405:15;10329:17;2184:28;
6848:26;7738:23;9405:15;10329:17;
6848:26;7738:23;9405:15;10329:17;
7194:13;7264:21;8788:7;10252:15;
9876:34;9876:34;
6848:26;7738:23;9405:15;10329:17;
9556:45;9556:25;9556:25;9556:25;9556:25;9556:25;9556:25;9556:25;9556:25;9556:25;9770:21;
9556:45;9556:25;9556:25;9556:25;9556:25;9556:25;9556:25;9556:25;9556:25;9556:25;9556:25;9556:25;9556:25;9770:21;
6848:26;7738:23;9405:15;10329:17;
6848:26;7738:23;9405:15;10329:17;
6848:26;7738:23;9405:15;10329:17;
6848:26;7738:23;9405:15;10329:17;
no error
6848:26;7738:23;9405:15;10329:17;
6848:26;7738:23;9405:15;10329:17;
6848:26;7738:23;9405:15;10329:17;
6848:26;7738:23;9405:15;10329:17;
6848:26;7738:23;9405:15;10329:17;
6848:26;7738:23;9405:15;10329:17;
6848:26;7738:23;9405:15;10329:17;
6848:26;7738:23;9405:15;10329:17;
6848:26;7738:23;9405:15;10329:17;
9876:34;9876:34;
7194:13;7264:21;8788:7;10252:15;
7194:13;7264:21;8788:7;10252:15;
6848:26;7738:23;9405:15;10329:17;
6848:26;7738:23;9405:15;10329:17;
6848:26;7738:23;9405:15;10329:17;
6848:26;7738:23;9405:15;10329:17;
6848:26;7738:23;9405:15;10329:17;
6848:26;7738:23;9405:15;10329:17;
7194:13;7264:21;8788:7;10252:15;
445:39;4018:15;4572:9;5185:17;5308:18;6525:21;7288:7;8788:7;10229:11;445:39;
6848:26;7738:23;9405:15;10329:17;
6848:26;7738:23;9405:15;10329:17;
9556:45;9556:25;9556:25;9556:25;9556:25;9556:25;9556:25;9556:25;9556:25;9556:25;9770:21;
6848:26;7738:23;9405:15;10329:17;
6848:26;7738:23;9405:15;10329:17;
6848:26;7738:23;9405:15;10329:17;
6848:26;7738:23;9405:15;10329:17;
6848:26;7738:23;9405:15;10329:17;
6848:26;7738:23;9405:15;10329:17;
9556:45;9556:25;9556:25;9770:21;
6848:26;7738:23;9405:15;10329:17;
6848:26;7738:23;9405:15;10329:17;
6848:26;7738:23;9405:15;10329:17;
6848:26;7738:23;9405:15;10329:17;
6541:29;7288:7;8788:7;10252:15;
9876:34;9876:34;
6848:26;7738:23;9405:15;10329:17;
9556:45;9556:25;9556:25;9556:25;9556:25;9556:25;9556:25;9770:21;
2184:28;6162:19;6867:17;7738:23;9405:15;10329:17;2184:28;
7194:13;7264:21;8788:7;10252:15;
6848:26;7738:23;9405:15;10329:17;
9556:45;9556:25;9556:25;9556:25;9556:25;9556:25;9556:25;9556:25;9556:25;9556:25;9556:25;9556:25;9556:25;9556:25;9556:25;9556:25;9556:25;9770:21;
6848:26;7738:23;9405:15;10329:17;
9556:45;9556:25;9556:25;9556:25;9556:25;9556:25;9556:25;9556:25;9556:25;9556:25;9556:25;9556:25;9770:21;
9556:45;9556:25;9556:25;9556:25;9770:21;
6848:26;7738:23;9405:15;10329:17;
9556:45;9556:25;9556:25;9556:25;9770:21;
6848:26;7738:23;9405:15;10329:17;
6848:26;7738:23;9405:15;10329:17;
6541:29;7288:7;8788:7;10252:15;
6848:26;7738:23;9405:15;10329:17;
9876:34;9876:34;
6848:26;7738:23;9405:15;10329:17;
6848:26;7738:23;9405:15;10329:17;
6848:26;7738:23;9405:15;10329:17;
9876:34;9876:34;
6848:26;7738:23;9405:15;10329:17;
6848:26;7738:23;9405:15;10329:17;
6848:26;7738:23;9405:15;10329:17;
7194:13;7264:21;8788:7;10252:15;
