4656:17;4922:14;3424:16;5218:15;9653:24;
4188:64;5218:15;9653:24;4188:64;
no error
9690:10;9671:18;9690:10;
4656:17;4922:14;3424:16;5218:15;9653:24;
4656:17;4922:14;3424:16;5218:15;9653:24;
4903:11;3424:16;5218:15;9653:24;4903:11;
4656:17;4922:14;3424:16;5218:15;9653:24;
4903:11;3424:16;5218:15;9653:24;4903:11;
4656:17;4922:14;3424:16;5218:15;9653:24;
4903:11;3424:16;5218:15;9653:24;4903:11;
9690:10;9671:18;9690:10;
4656:17;4922:14;3424:16;5218:15;9653:24;
4903:11;3424:16;5218:15;9653:24;4903:11;
4656:17;4922:14;3424:16;5218:15;9653:24;
4903:11;3424:16;5218:15;9653:24;4903:11;
4656:17;4922:14;3424:16;5218:15;9653:24;
4656:17;4922:14;3424:16;5218:15;9653:24;
4188:64;5218:15;9653:24;4188:64;
4903:11;3424:16;5218:15;9653:24;4903:11;
4188:64;5218:15;9653:24;4188:64;
4656:17;4922:14;3424:16;5218:15;9653:24;
4656:17;4922:14;3424:16;5218:15;9653:24;
4656:17;4922:14;3424:16;5218:15;9653:24;
4656:17;4922:14;3424:16;5218:15;9653:24;
9690:10;9671:18;9690:10;
4656:17;4922:14;3424:16;5218:15;9653:24;
4656:17;4922:14;3424:16;5218:15;9653:24;
4903:11;3424:16;5218:15;9653:24;4903:11;
4903:11;3424:16;5218:15;9653:24;4903:11;
4903:11;3424:16;5218:15;9653:24;4903:11;
9690:10;9671:18;9690:10;
4656:17;4922:14;3424:16;5218:15;9653:24;
4903:11;3424:16;5218:15;9653:24;4903:11;
4656:17;4922:14;3424:16;5218:15;9653:24;
4656:17;4922:14;3424:16;5218:15;9653:24;
4656:17;4922:14;3424:16;5218:15;9653:24;
4903:11;3424:16;5218:15;9653:24;4903:11;
4656:17;4922:14;3424:16;5218:15;9653:24;
4903:11;3424:16;5218:15;9653:24;4903:11;
4656:17;4922:14;3424:16;5218:15;9653:24;
4656:17;4922:14;3424:16;5218:15;9653:24;
4656:17;4922:14;3424:16;5218:15;9653:24;
4656:17;4922:14;3424:16;5218:15;9653:24;
9690:10;9671:18;9690:10;
4733:13;3424:16;5218:15;9653:24;4733:13;
4656:17;4922:14;3424:16;5218:15;9653:24;
4656:17;4922:14;3424:16;5218:15;9653:24;
4903:11;3424:16;5218:15;9653:24;4903:11;
4656:17;4922:14;3424:16;5218:15;9653:24;
4903:11;3424:16;5218:15;9653:24;4903:11;
4656:17;4922:14;3424:16;5218:15;9653:24;
4656:17;4922:14;3424:16;5218:15;9653:24;
no error
4656:17;4922:14;3424:16;5218:15;9653:24;
4656:17;4922:14;3424:16;5218:15;9653:24;
4656:17;4922:14;3424:16;5218:15;9653:24;
4188:64;5218:15;9653:24;4188:64;
4656:17;4922:14;3424:16;5218:15;9653:24;
4656:17;4922:14;3424:16;5218:15;9653:24;
4903:11;3424:16;5218:15;9653:24;4903:11;
4903:11;3424:16;5218:15;9653:24;4903:11;
4656:17;4922:14;3424:16;5218:15;9653:24;
4656:17;4922:14;3424:16;5218:15;9653:24;
4903:11;3424:16;5218:15;9653:24;4903:11;
4903:11;3424:16;5218:15;9653:24;4903:11;
no error
9690:10;9671:18;9690:10;
4656:17;4922:14;3424:16;5218:15;9653:24;
4656:17;4922:14;3424:16;5218:15;9653:24;
4656:17;4922:14;3424:16;5218:15;9653:24;
4903:11;3424:16;5218:15;9653:24;4903:11;
4656:17;4922:14;3424:16;5218:15;9653:24;
4188:64;5218:15;9653:24;4188:64;
4656:17;4922:14;3424:16;5218:15;9653:24;
4656:17;4922:14;3424:16;5218:15;9653:24;
4903:11;3424:16;5218:15;9653:24;4903:11;
4656:17;4922:14;3424:16;5218:15;9653:24;
4656:17;4922:14;3424:16;5218:15;9653:24;
4656:17;4922:14;3424:16;5218:15;9653:24;
4903:11;3424:16;5218:15;9653:24;4903:11;
4656:17;4922:14;3424:16;5218:15;9653:24;
4656:17;4922:14;3424:16;5218:15;9653:24;
9690:10;9671:18;9690:10;
4903:11;3424:16;5218:15;9653:24;4903:11;
4656:17;4922:14;3424:16;5218:15;9653:24;
4656:17;4922:14;3424:16;5218:15;9653:24;
9690:10;9671:18;9690:10;
4391:11;3750:9;5218:15;9653:24;4391:11;
no error
4656:17;4922:14;3424:16;5218:15;9653:24;
9690:10;9671:18;9690:10;
4656:17;4922:14;3424:16;5218:15;9653:24;
4656:17;4922:14;3424:16;5218:15;9653:24;
4903:11;3424:16;5218:15;9653:24;4903:11;
4903:11;3424:16;5218:15;9653:24;4903:11;
no error
4903:11;3424:16;5218:15;9653:24;4903:11;
4656:17;4922:14;3424:16;5218:15;9653:24;
no error
4903:11;3424:16;5218:15;9653:24;4903:11;
4903:11;3424:16;5218:15;9653:24;4903:11;
4656:17;4922:14;3424:16;5218:15;9653:24;
4903:11;3424:16;5218:15;9653:24;4903:11;
4188:64;5218:15;9653:24;4188:64;
4656:17;4922:14;3424:16;5218:15;9653:24;
no error
4656:17;4922:14;3424:16;5218:15;9653:24;
4656:17;4922:14;3424:16;5218:15;9653:24;
4656:17;4922:14;3424:16;5218:15;9653:24;
4656:17;4922:14;3424:16;5218:15;9653:24;
4656:17;4922:14;3424:16;5218:15;9653:24;
4656:17;4922:14;3424:16;5218:15;9653:24;
4656:17;4922:14;3424:16;5218:15;9653:24;
9690:10;9671:18;9690:10;
4188:64;5218:15;9653:24;4188:64;
4903:11;3424:16;5218:15;9653:24;4903:11;
4656:17;4922:14;3424:16;5218:15;9653:24;
4656:17;4922:14;3424:16;5218:15;9653:24;
9690:10;9671:18;9690:10;
4903:11;3424:16;5218:15;9653:24;4903:11;
4656:17;4922:14;3424:16;5218:15;9653:24;
4903:11;3424:16;5218:15;9653:24;4903:11;
4656:17;4922:14;3424:16;5218:15;9653:24;
4656:17;4922:14;3424:16;5218:15;9653:24;
no error
4656:17;4922:14;3424:16;5218:15;9653:24;
4656:17;4922:14;3424:16;5218:15;9653:24;
9690:10;9671:18;9690:10;
4903:11;3424:16;5218:15;9653:24;4903:11;
4656:17;4922:14;3424:16;5218:15;9653:24;
9690:10;9671:18;9690:10;
4656:17;4922:14;3424:16;5218:15;9653:24;
4656:17;4922:14;3424:16;5218:15;9653:24;
no error
no error
4656:17;4922:14;3424:16;5218:15;9653:24;
4903:11;3424:16;5218:15;9653:24;4903:11;
4656:17;4922:14;3424:16;5218:15;9653:24;
9690:10;9671:18;9690:10;
4903:11;3424:16;5218:15;9653:24;4903:11;
4656:17;4922:14;3424:16;5218:15;9653:24;
4188:64;5218:15;9653:24;4188:64;
4656:17;4922:14;3424:16;5218:15;9653:24;
9690:10;9671:18;9690:10;
4903:11;3424:16;5218:15;9653:24;4903:11;
4656:17;4922:14;3424:16;5218:15;9653:24;
4656:17;4922:14;3424:16;5218:15;9653:24;
4656:17;4922:14;3424:16;5218:15;9653:24;
4656:17;4922:14;3424:16;5218:15;9653:24;
4656:17;4922:14;3424:16;5218:15;9653:24;
4656:17;4922:14;3424:16;5218:15;9653:24;
4903:11;3424:16;5218:15;9653:24;4903:11;
4656:17;4922:14;3424:16;5218:15;9653:24;
4656:17;4922:14;3424:16;5218:15;9653:24;
no error
4656:17;4922:14;3424:16;5218:15;9653:24;
4656:17;4922:14;3424:16;5218:15;9653:24;
9690:10;9671:18;9690:10;
4656:17;4922:14;3424:16;5218:15;9653:24;
4656:17;4922:14;3424:16;5218:15;9653:24;
4656:17;4922:14;3424:16;5218:15;9653:24;
no error
9690:10;9671:18;9690:10;
4656:17;4922:14;3424:16;5218:15;9653:24;
4656:17;4922:14;3424:16;5218:15;9653:24;
4656:17;4922:14;3424:16;5218:15;9653:24;
4903:11;3424:16;5218:15;9653:24;4903:11;
4656:17;4922:14;3424:16;5218:15;9653:24;
no error
4656:17;4922:14;3424:16;5218:15;9653:24;
4903:11;3424:16;5218:15;9653:24;4903:11;
4656:17;4922:14;3424:16;5218:15;9653:24;
4903:11;3424:16;5218:15;9653:24;4903:11;
4903:11;3424:16;5218:15;9653:24;4903:11;
4656:17;4922:14;3424:16;5218:15;9653:24;
4656:17;4922:14;3424:16;5218:15;9653:24;
4656:17;4922:14;3424:16;5218:15;9653:24;
4903:11;3424:16;5218:15;9653:24;4903:11;
no error
4656:17;4922:14;3424:16;5218:15;9653:24;
4656:17;4922:14;3424:16;5218:15;9653:24;
4903:11;3424:16;5218:15;9653:24;4903:11;
no error
4656:17;4922:14;3424:16;5218:15;9653:24;
4656:17;4922:14;3424:16;5218:15;9653:24;
4903:11;3424:16;5218:15;9653:24;4903:11;
4188:64;5218:15;9653:24;4188:64;
4656:17;4922:14;3424:16;5218:15;9653:24;
4656:17;4922:14;3424:16;5218:15;9653:24;
4903:11;3424:16;5218:15;9653:24;4903:11;
4656:17;4922:14;3424:16;5218:15;9653:24;
4656:17;4922:14;3424:16;5218:15;9653:24;
4903:11;3424:16;5218:15;9653:24;4903:11;
4656:17;4922:14;3424:16;5218:15;9653:24;
4188:64;5218:15;9653:24;4188:64;
3367:12;5218:15;9653:24;3367:12;
4656:17;4922:14;3424:16;5218:15;9653:24;
4656:17;4922:14;3424:16;5218:15;9653:24;
no error
4656:17;4922:14;3424:16;5218:15;9653:24;
4656:17;4922:14;3424:16;5218:15;9653:24;
4903:11;3424:16;5218:15;9653:24;4903:11;
no error
4188:64;5218:15;9653:24;4188:64;
4903:11;3424:16;5218:15;9653:24;4903:11;
4903:11;3424:16;5218:15;9653:24;4903:11;
4903:11;3424:16;5218:15;9653:24;4903:11;
4656:17;4922:14;3424:16;5218:15;9653:24;
4656:17;4922:14;3424:16;5218:15;9653:24;
4903:11;3424:16;5218:15;9653:24;4903:11;
4903:11;3424:16;5218:15;9653:24;4903:11;
3367:12;5218:15;9653:24;3367:12;
4903:11;3424:16;5218:15;9653:24;4903:11;
4656:17;4922:14;3424:16;5218:15;9653:24;
4656:17;4922:14;3424:16;5218:15;9653:24;
4656:17;4922:14;3424:16;5218:15;9653:24;
4391:11;3750:9;5218:15;9653:24;4391:11;
no error
4656:17;4922:14;3424:16;5218:15;9653:24;
4903:11;3424:16;5218:15;9653:24;4903:11;
4656:17;4922:14;3424:16;5218:15;9653:24;
4903:11;3424:16;5218:15;9653:24;4903:11;
no error
4733:13;3424:16;5218:15;9653:24;4733:13;
4656:17;4922:14;3424:16;5218:15;9653:24;
4656:17;4922:14;3424:16;5218:15;9653:24;
4656:17;4922:14;3424:16;5218:15;9653:24;
9690:10;9671:18;9690:10;
4656:17;4922:14;3424:16;5218:15;9653:24;
4903:11;3424:16;5218:15;9653:24;4903:11;
4656:17;4922:14;3424:16;5218:15;9653:24;
4903:11;3424:16;5218:15;9653:24;4903:11;
no error
4656:17;4922:14;3424:16;5218:15;9653:24;
9690:10;9671:18;9690:10;
no error
9690:10;9671:18;9690:10;
no error
4656:17;4922:14;3424:16;5218:15;9653:24;
4656:17;4922:14;3424:16;5218:15;9653:24;
9690:10;9671:18;9690:10;
4188:64;5218:15;9653:24;4188:64;
4656:17;4922:14;3424:16;5218:15;9653:24;
4656:17;4922:14;3424:16;5218:15;9653:24;
4903:11;3424:16;5218:15;9653:24;4903:11;
4656:17;4922:14;3424:16;5218:15;9653:24;
4656:17;4922:14;3424:16;5218:15;9653:24;
4656:17;4922:14;3424:16;5218:15;9653:24;
4656:17;4922:14;3424:16;5218:15;9653:24;
9690:10;9671:18;9690:10;
4656:17;4922:14;3424:16;5218:15;9653:24;
no error
4656:17;4922:14;3424:16;5218:15;9653:24;
4903:11;3424:16;5218:15;9653:24;4903:11;
4656:17;4922:14;3424:16;5218:15;9653:24;
4903:11;3424:16;5218:15;9653:24;4903:11;
4656:17;4922:14;3424:16;5218:15;9653:24;
4656:17;4922:14;3424:16;5218:15;9653:24;
4656:17;4922:14;3424:16;5218:15;9653:24;
9690:10;9671:18;9690:10;
4656:17;4922:14;3424:16;5218:15;9653:24;
4188:64;5218:15;9653:24;4188:64;
4656:17;4922:14;3424:16;5218:15;9653:24;
4656:17;4922:14;3424:16;5218:15;9653:24;
4903:11;3424:16;5218:15;9653:24;4903:11;
4656:17;4922:14;3424:16;5218:15;9653:24;
4656:17;4922:14;3424:16;5218:15;9653:24;
4903:11;3424:16;5218:15;9653:24;4903:11;
4391:11;3750:9;5218:15;9653:24;4391:11;
4656:17;4922:14;3424:16;5218:15;9653:24;
4656:17;4922:14;3424:16;5218:15;9653:24;
4656:17;4922:14;3424:16;5218:15;9653:24;
4656:17;4922:14;3424:16;5218:15;9653:24;
4656:17;4922:14;3424:16;5218:15;9653:24;
4903:11;3424:16;5218:15;9653:24;4903:11;
4656:17;4922:14;3424:16;5218:15;9653:24;
4188:64;5218:15;9653:24;4188:64;
4656:17;4922:14;3424:16;5218:15;9653:24;
4903:11;3424:16;5218:15;9653:24;4903:11;
4656:17;4922:14;3424:16;5218:15;9653:24;
4656:17;4922:14;3424:16;5218:15;9653:24;
4656:17;4922:14;3424:16;5218:15;9653:24;
4903:11;3424:16;5218:15;9653:24;4903:11;
4656:17;4922:14;3424:16;5218:15;9653:24;
4656:17;4922:14;3424:16;5218:15;9653:24;
4903:11;3424:16;5218:15;9653:24;4903:11;
4903:11;3424:16;5218:15;9653:24;4903:11;
4656:17;4922:14;3424:16;5218:15;9653:24;
4188:64;5218:15;9653:24;4188:64;
4903:11;3424:16;5218:15;9653:24;4903:11;
4656:17;4922:14;3424:16;5218:15;9653:24;
9690:10;9671:18;9690:10;
4656:17;4922:14;3424:16;5218:15;9653:24;
4903:11;3424:16;5218:15;9653:24;4903:11;
4656:17;4922:14;3424:16;5218:15;9653:24;
4656:17;4922:14;3424:16;5218:15;9653:24;
4656:17;4922:14;3424:16;5218:15;9653:24;
4656:17;4922:14;3424:16;5218:15;9653:24;
4656:17;4922:14;3424:16;5218:15;9653:24;
4656:17;4922:14;3424:16;5218:15;9653:24;
4656:17;4922:14;3424:16;5218:15;9653:24;
no error
4656:17;4922:14;3424:16;5218:15;9653:24;
4903:11;3424:16;5218:15;9653:24;4903:11;
4656:17;4922:14;3424:16;5218:15;9653:24;
4903:11;3424:16;5218:15;9653:24;4903:11;
4656:17;4922:14;3424:16;5218:15;9653:24;
4656:17;4922:14;3424:16;5218:15;9653:24;
4656:17;4922:14;3424:16;5218:15;9653:24;
4656:17;4922:14;3424:16;5218:15;9653:24;
4656:17;4922:14;3424:16;5218:15;9653:24;
4656:17;4922:14;3424:16;5218:15;9653:24;
4656:17;4922:14;3424:16;5218:15;9653:24;
4656:17;4922:14;3424:16;5218:15;9653:24;
4656:17;4922:14;3424:16;5218:15;9653:24;
4656:17;4922:14;3424:16;5218:15;9653:24;
4395:9;3750:9;5218:15;9653:24;4395:9;
4656:17;4922:14;3424:16;5218:15;9653:24;
4656:17;4922:14;3424:16;5218:15;9653:24;
4656:17;4922:14;3424:16;5218:15;9653:24;
4903:11;3424:16;5218:15;9653:24;4903:11;
4903:11;3424:16;5218:15;9653:24;4903:11;
9690:10;9671:18;9690:10;
4903:11;3424:16;5218:15;9653:24;4903:11;
4656:17;4922:14;3424:16;5218:15;9653:24;
4903:11;3424:16;5218:15;9653:24;4903:11;
4656:17;4922:14;3424:16;5218:15;9653:24;
4903:11;3424:16;5218:15;9653:24;4903:11;
4188:64;5218:15;9653:24;4188:64;
4656:17;4922:14;3424:16;5218:15;9653:24;
4903:11;3424:16;5218:15;9653:24;4903:11;
9690:10;9671:18;9690:10;
4656:17;4922:14;3424:16;5218:15;9653:24;
4903:11;3424:16;5218:15;9653:24;4903:11;
4656:17;4922:14;3424:16;5218:15;9653:24;
4903:11;3424:16;5218:15;9653:24;4903:11;
6151:23;7807:11;9700:5;9671:18;6151:23;
4656:17;4922:14;3424:16;5218:15;9653:24;
4656:17;4922:14;3424:16;5218:15;9653:24;
no error
4656:17;4922:14;3424:16;5218:15;9653:24;
4188:64;5218:15;9653:24;4188:64;
4903:11;3424:16;5218:15;9653:24;4903:11;
9690:10;9671:18;9690:10;
4903:11;3424:16;5218:15;9653:24;4903:11;
4903:11;3424:16;5218:15;9653:24;4903:11;
4188:64;5218:15;9653:24;4188:64;
4656:17;4922:14;3424:16;5218:15;9653:24;
4903:11;3424:16;5218:15;9653:24;4903:11;
4656:17;4922:14;3424:16;5218:15;9653:24;
4903:11;3424:16;5218:15;9653:24;4903:11;
4914:15;3424:16;5218:15;9653:24;4914:15;
4903:11;3424:16;5218:15;9653:24;4903:11;
4656:17;4922:14;3424:16;5218:15;9653:24;
4656:17;4922:14;3424:16;5218:15;9653:24;
4656:17;4922:14;3424:16;5218:15;9653:24;
4656:17;4922:14;3424:16;5218:15;9653:24;
4656:17;4922:14;3424:16;5218:15;9653:24;
4188:64;5218:15;9653:24;4188:64;
4903:11;3424:16;5218:15;9653:24;4903:11;
4656:17;4922:14;3424:16;5218:15;9653:24;
4656:17;4922:14;3424:16;5218:15;9653:24;
4656:17;4922:14;3424:16;5218:15;9653:24;
4656:17;4922:14;3424:16;5218:15;9653:24;
4656:17;4922:14;3424:16;5218:15;9653:24;
4903:11;3424:16;5218:15;9653:24;4903:11;
4656:17;4922:14;3424:16;5218:15;9653:24;
4656:17;4922:14;3424:16;5218:15;9653:24;
no error
4656:17;4922:14;3424:16;5218:15;9653:24;
4656:17;4922:14;3424:16;5218:15;9653:24;
4656:17;4922:14;3424:16;5218:15;9653:24;
4733:13;3424:16;5218:15;9653:24;4733:13;
4656:17;4922:14;3424:16;5218:15;9653:24;
4903:11;3424:16;5218:15;9653:24;4903:11;
4656:17;4922:14;3424:16;5218:15;9653:24;
4188:64;5218:15;9653:24;4188:64;
4903:11;3424:16;5218:15;9653:24;4903:11;
4903:11;3424:16;5218:15;9653:24;4903:11;
4656:17;4922:14;3424:16;5218:15;9653:24;
no error
4903:11;3424:16;5218:15;9653:24;4903:11;
4656:17;4922:14;3424:16;5218:15;9653:24;
4656:17;4922:14;3424:16;5218:15;9653:24;
4656:17;4922:14;3424:16;5218:15;9653:24;
4656:17;4922:14;3424:16;5218:15;9653:24;
no error
no error
4656:17;4922:14;3424:16;5218:15;9653:24;
4656:17;4922:14;3424:16;5218:15;9653:24;
4656:17;4922:14;3424:16;5218:15;9653:24;
4903:11;3424:16;5218:15;9653:24;4903:11;
4656:17;4922:14;3424:16;5218:15;9653:24;
4656:17;4922:14;3424:16;5218:15;9653:24;
4656:17;4922:14;3424:16;5218:15;9653:24;
4903:11;3424:16;5218:15;9653:24;4903:11;
4656:17;4922:14;3424:16;5218:15;9653:24;
4656:17;4922:14;3424:16;5218:15;9653:24;
4903:11;3424:16;5218:15;9653:24;4903:11;
4656:17;4922:14;3424:16;5218:15;9653:24;
4903:11;3424:16;5218:15;9653:24;4903:11;
4903:11;3424:16;5218:15;9653:24;4903:11;
4656:17;4922:14;3424:16;5218:15;9653:24;
4656:17;4922:14;3424:16;5218:15;9653:24;
4656:17;4922:14;3424:16;5218:15;9653:24;
9690:10;9671:18;9690:10;
4656:17;4922:14;3424:16;5218:15;9653:24;
4656:17;4922:14;3424:16;5218:15;9653:24;
4188:64;5218:15;9653:24;4188:64;
4656:17;4922:14;3424:16;5218:15;9653:24;
4656:17;4922:14;3424:16;5218:15;9653:24;
4656:17;4922:14;3424:16;5218:15;9653:24;
4656:17;4922:14;3424:16;5218:15;9653:24;
4903:11;3424:16;5218:15;9653:24;4903:11;
no error
4656:17;4922:14;3424:16;5218:15;9653:24;
4656:17;4922:14;3424:16;5218:15;9653:24;
9690:10;9671:18;9690:10;
4656:17;4922:14;3424:16;5218:15;9653:24;
no error
4656:17;4922:14;3424:16;5218:15;9653:24;
4656:17;4922:14;3424:16;5218:15;9653:24;
4656:17;4922:14;3424:16;5218:15;9653:24;
4903:11;3424:16;5218:15;9653:24;4903:11;
9690:10;9671:18;9690:10;
4656:17;4922:14;3424:16;5218:15;9653:24;
4656:17;4922:14;3424:16;5218:15;9653:24;
4656:17;4922:14;3424:16;5218:15;9653:24;
4903:11;3424:16;5218:15;9653:24;4903:11;
4903:11;3424:16;5218:15;9653:24;4903:11;
no error
4656:17;4922:14;3424:16;5218:15;9653:24;
4656:17;4922:14;3424:16;5218:15;9653:24;
9690:10;9671:18;9690:10;
4188:64;5218:15;9653:24;4188:64;
4903:11;3424:16;5218:15;9653:24;4903:11;
4656:17;4922:14;3424:16;5218:15;9653:24;
4903:11;3424:16;5218:15;9653:24;4903:11;
4656:17;4922:14;3424:16;5218:15;9653:24;
4188:64;5218:15;9653:24;4188:64;
4656:17;4922:14;3424:16;5218:15;9653:24;
4903:11;3424:16;5218:15;9653:24;4903:11;
4903:11;3424:16;5218:15;9653:24;4903:11;
4903:11;3424:16;5218:15;9653:24;4903:11;
4188:64;5218:15;9653:24;4188:64;
4903:11;3424:16;5218:15;9653:24;4903:11;
4188:64;5218:15;9653:24;4188:64;
4656:17;4922:14;3424:16;5218:15;9653:24;
no error
4656:17;4922:14;3424:16;5218:15;9653:24;
4903:11;3424:16;5218:15;9653:24;4903:11;
4656:17;4922:14;3424:16;5218:15;9653:24;
4903:11;3424:16;5218:15;9653:24;4903:11;
4903:11;3424:16;5218:15;9653:24;4903:11;
4656:17;4922:14;3424:16;5218:15;9653:24;
4656:17;4922:14;3424:16;5218:15;9653:24;
4656:17;4922:14;3424:16;5218:15;9653:24;
9690:10;9671:18;9690:10;
4656:17;4922:14;3424:16;5218:15;9653:24;
4656:17;4922:14;3424:16;5218:15;9653:24;
4188:64;5218:15;9653:24;4188:64;
4391:11;3750:9;5218:15;9653:24;4391:11;
4656:17;4922:14;3424:16;5218:15;9653:24;
4656:17;4922:14;3424:16;5218:15;9653:24;
no error
4656:17;4922:14;3424:16;5218:15;9653:24;
no error
4656:17;4922:14;3424:16;5218:15;9653:24;
4656:17;4922:14;3424:16;5218:15;9653:24;
4656:17;4922:14;3424:16;5218:15;9653:24;
9690:10;9671:18;9690:10;
4656:17;4922:14;3424:16;5218:15;9653:24;
4656:17;4922:14;3424:16;5218:15;9653:24;
4656:17;4922:14;3424:16;5218:15;9653:24;
4656:17;4922:14;3424:16;5218:15;9653:24;
4656:17;4922:14;3424:16;5218:15;9653:24;
4903:11;3424:16;5218:15;9653:24;4903:11;
4656:17;4922:14;3424:16;5218:15;9653:24;
4188:64;5218:15;9653:24;4188:64;
4656:17;4922:14;3424:16;5218:15;9653:24;
no error
4656:17;4922:14;3424:16;5218:15;9653:24;
4656:17;4922:14;3424:16;5218:15;9653:24;
4903:11;3424:16;5218:15;9653:24;4903:11;
4656:17;4922:14;3424:16;5218:15;9653:24;
4903:11;3424:16;5218:15;9653:24;4903:11;
4188:64;5218:15;9653:24;4188:64;
4903:11;3424:16;5218:15;9653:24;4903:11;
4656:17;4922:14;3424:16;5218:15;9653:24;
4656:17;4922:14;3424:16;5218:15;9653:24;
4656:17;4922:14;3424:16;5218:15;9653:24;
4656:17;4922:14;3424:16;5218:15;9653:24;
4656:17;4922:14;3424:16;5218:15;9653:24;
4656:17;4922:14;3424:16;5218:15;9653:24;
no error
4656:17;4922:14;3424:16;5218:15;9653:24;
4656:17;4922:14;3424:16;5218:15;9653:24;
4903:11;3424:16;5218:15;9653:24;4903:11;
4656:17;4922:14;3424:16;5218:15;9653:24;
