no error
no error
no error
no error
no error
no error
3413:11;3622:20;4993:20;
3413:11;3622:20;4993:20;
3413:11;3814:20;4993:20;
3413:11;3622:20;4993:20;
3413:11;3622:20;4993:20;
no error
no error
no error
3413:11;3622:20;4993:20;
no error
no error
3550:17;4993:20;3550:17;
no error
3413:11;3622:20;4993:20;
3413:11;3622:20;4993:20;
3413:11;3622:20;4993:20;
no error
3413:11;3622:20;4993:20;
3413:11;3622:20;4993:20;
3550:17;4993:20;3550:17;
no error
3413:11;3622:20;4993:20;
3413:11;3622:20;4993:20;
no error
no error
no error
3413:11;3814:20;4993:20;
no error
3413:11;3622:20;4993:20;
3413:11;3622:20;4993:20;
3413:11;3814:20;4993:20;
3413:11;3622:20;4993:20;
no error
no error
3413:11;3622:20;4993:20;
no error
3413:11;3622:20;4993:20;
3413:11;3622:20;4993:20;
no error
no error
no error
3413:11;3622:20;4993:20;
3413:11;3814:20;4993:20;
3413:11;3622:20;4993:20;
3413:11;3622:20;4993:20;
3413:11;3622:20;4993:20;
3413:11;3622:20;4993:20;
no error
no error
no error
no error
no error
no error
no error
no error
no error
3413:11;3622:20;4993:20;
no error
3413:11;3622:20;4993:20;
no error
3413:11;3622:20;4993:20;
no error
no error
3413:11;3622:20;4993:20;
no error
no error
3413:11;3622:20;4993:20;
no error
3550:17;4993:20;3550:17;
3413:11;3622:20;4993:20;
3413:11;3622:20;4993:20;
no error
no error
3413:11;3622:20;4993:20;
no error
no error
3413:11;3622:20;4993:20;
no error
3413:11;3814:20;4993:20;
3413:11;3814:20;4993:20;
no error
3550:17;4993:20;3550:17;
3413:11;3622:20;4993:20;
3413:11;3622:20;4993:20;
3413:11;3622:20;4993:20;
no error
3413:11;3622:20;4993:20;
3413:11;3622:20;4993:20;
no error
3413:11;3622:20;4993:20;
3550:17;4993:20;3550:17;
3413:11;3622:20;4993:20;
3413:11;3814:20;4993:20;
no error
no error
3413:11;3622:20;4993:20;
3413:11;3622:20;4993:20;
no error
no error
no error
no error
3413:11;3814:20;4993:20;
3413:11;3622:20;4993:20;
3413:11;3622:20;4993:20;
no error
no error
3413:11;3622:20;4993:20;
3413:11;3814:20;4993:20;
no error
0x7f100331ec29
3413:11;3622:20;4993:20;
no error
no error
no error
3413:11;3814:20;4993:20;
no error
3413:11;3622:20;4993:20;
no error
no error
3413:11;3622:20;4993:20;
no error
3413:11;3814:20;4993:20;
3550:17;4993:20;3550:17;
no error
no error
no error
no error
no error
3413:11;3622:20;4993:20;
no error
no error
3413:11;3814:20;4993:20;
0x7f84459cec08
3550:17;4993:20;3550:17;
3550:17;4993:20;3550:17;
no error
no error
3413:11;3622:20;4993:20;
no error
3413:11;3622:20;4993:20;
no error
3413:11;3814:20;4993:20;
3413:11;3622:20;4993:20;
no error
no error
3550:17;4993:20;3550:17;
3413:11;3622:20;4993:20;
3413:11;3622:20;4993:20;
3413:11;3622:20;4993:20;
no error
no error
3413:11;3622:20;4993:20;
no error
3550:17;4993:20;3550:17;
no error
3413:11;3814:20;4993:20;
3413:11;3622:20;4993:20;
no error
3413:11;3622:20;4993:20;
no error
no error
no error
3413:11;3814:20;4993:20;
no error
3413:11;3622:20;4993:20;
3413:11;3622:20;4993:20;
3413:11;3622:20;4993:20;
no error
no error
no error
no error
3413:11;3622:20;4993:20;
3413:11;3622:20;4993:20;
no error
no error
3413:11;3622:20;4993:20;
no error
3413:11;3622:20;4993:20;
no error
no error
no error
no error
3413:11;3622:20;4993:20;
3413:11;3622:20;4993:20;
no error
3413:11;3622:20;4993:20;
3413:11;3622:20;4993:20;
no error
no error
3413:11;3622:20;4993:20;
no error
3413:11;3622:20;4993:20;
0x7f0b6441dc15
3413:11;3814:20;4993:20;
3413:11;3622:20;4993:20;
no error
3413:11;3622:20;4993:20;
3550:17;4993:20;3550:17;
3413:11;3622:20;4993:20;
no error
3413:11;3814:20;4993:20;
no error
no error
no error
3413:11;3814:20;4993:20;
no error
3612:21;4993:20;
3413:11;3622:20;4993:20;
no error
3413:11;3814:20;4993:20;
no error
3413:11;3814:20;4993:20;
no error
3413:11;3622:20;4993:20;
no error
no error
3413:11;3622:20;4993:20;
no error
3413:11;3622:20;4993:20;
3413:11;3622:20;4993:20;
no error
0x7f7a71333c29
no error
3413:11;3622:20;4993:20;
no error
no error
3413:11;3622:20;4993:20;
no error
no error
no error
no error
3550:17;4993:20;3550:17;
3413:11;3622:20;4993:20;
3413:11;3622:20;4993:20;
3413:11;3622:20;4993:20;
no error
no error
no error
no error
3413:11;3622:20;4993:20;
3413:11;3622:20;4993:20;
no error
3413:11;3622:20;4993:20;
3550:17;4993:20;3550:17;
no error
3413:11;3622:20;4993:20;
3413:11;3814:20;4993:20;
no error
3413:11;3622:20;4993:20;
3413:11;3622:20;4993:20;
3550:17;4993:20;3550:17;
3413:11;3622:20;4993:20;
no error
no error
3413:11;3622:20;4993:20;
no error
3413:11;3622:20;4993:20;
no error
3413:11;3622:20;4993:20;
no error
3413:11;3622:20;4993:20;
no error
3413:11;3622:20;4993:20;
3413:11;3622:20;4993:20;
3413:11;3814:20;4993:20;
3413:11;3622:20;4993:20;
3413:11;3622:20;4993:20;
no error
no error
no error
3413:11;3622:20;4993:20;
no error
3413:11;3622:20;4993:20;
3413:11;3814:20;4993:20;
3413:11;3622:20;4993:20;
no error
no error
no error
no error
3413:11;3814:20;4993:20;
3413:11;3622:20;4993:20;
3413:11;3622:20;4993:20;
no error
no error
3413:11;3814:20;4993:20;
3413:11;3622:20;4993:20;
no error
no error
no error
3413:11;3622:20;4993:20;
no error
3413:11;3622:20;4993:20;
no error
no error
3413:11;3622:20;4993:20;
no error
3413:11;3622:20;4993:20;
no error
no error
3413:11;3622:20;4993:20;
no error
no error
3413:11;3622:20;4993:20;
no error
3413:11;3622:20;4993:20;
no error
3413:11;3622:20;4993:20;
3413:11;3622:20;4993:20;
no error
3413:11;3622:20;4993:20;
3413:11;3622:20;4993:20;
no error
3413:11;3622:20;4993:20;
no error
no error
no error
3413:11;3622:20;4993:20;
no error
no error
3413:11;3622:20;4993:20;
no error
3413:11;3622:20;4993:20;
3413:11;3622:20;4993:20;
no error
no error
no error
no error
3413:11;3622:20;4993:20;
3413:11;3622:20;4993:20;
no error
no error
3413:11;3622:20;4993:20;
no error
3413:11;3622:20;4993:20;
3413:11;3622:20;4993:20;
3413:11;3814:20;4993:20;
3413:11;3622:20;4993:20;
3413:11;3622:20;4993:20;
no error
no error
3550:17;4993:20;
no error
no error
no error
3413:11;3622:20;4993:20;
no error
3550:17;4993:20;3550:17;
3413:11;3622:20;4993:20;
3413:11;3814:20;4993:20;
3413:11;3622:20;4993:20;
3413:11;3622:20;4993:20;
3413:11;3814:20;4993:20;
no error
no error
no error
no error
3413:11;3622:20;4993:20;
3413:11;3622:20;4993:20;
no error
no error
3550:17;4993:20;3550:17;
3413:11;3814:20;4993:20;
3413:11;3622:20;4993:20;
3413:11;3622:20;4993:20;
no error
no error
no error
no error
3413:11;3622:20;4993:20;
3413:11;3622:20;4993:20;
no error
no error
no error
3413:11;3622:20;4993:20;
no error
no error
3413:11;3622:20;4993:20;
0x7f94ea4f3c29
3413:11;3622:20;4993:20;
3413:11;3622:20;4993:20;
no error
no error
no error
no error
no error
no error
no error
3413:11;3622:20;4993:20;
no error
no error
no error
no error
no error
3413:11;3622:20;4993:20;
3413:11;3622:20;4993:20;
3413:11;3622:20;4993:20;
no error
3413:11;3622:20;4993:20;
3413:11;3622:20;4993:20;
no error
3413:11;3814:20;4993:20;
3413:11;3622:20;4993:20;
no error
no error
3413:11;3622:20;4993:20;
3413:11;3622:20;4993:20;
3413:11;3622:20;4993:20;
no error
no error
no error
no error
no error
no error
3413:11;3622:20;4993:20;
3413:11;3622:20;4993:20;
no error
no error
no error
no error
no error
3413:11;3622:20;4993:20;
3413:11;3622:20;4993:20;
0x7f295086bc37
3413:11;3622:20;4993:20;
3550:17;4993:20;3550:17;
no error
no error
no error
no error
no error
3413:11;3622:20;4993:20;
no error
3413:11;3622:20;4993:20;
3413:11;3622:20;4993:20;
no error
3413:11;3814:20;4993:20;
no error
no error
no error
no error
no error
no error
no error
no error
3413:11;3622:20;4993:20;
3550:17;4993:20;3550:17;
3413:11;3622:20;4993:20;
3413:11;3622:20;4993:20;
no error
no error
3550:17;4993:20;3550:17;
3413:11;3622:20;4993:20;
3413:11;3814:20;4993:20;
no error
no error
no error
3413:11;3622:20;4993:20;
3413:11;3622:20;4993:20;
no error
no error
no error
no error
3413:11;3622:20;4993:20;
3413:11;3622:20;4993:20;
3413:11;3622:20;4993:20;
no error
3413:11;3622:20;4993:20;
no error
3413:11;3814:20;4993:20;
no error
no error
3413:11;3622:20;4993:20;
no error
no error
3413:11;3622:20;4993:20;
no error
no error
3413:11;3622:20;4993:20;
3413:11;3622:20;4993:20;
3413:11;3622:20;4993:20;
3612:21;4993:20;
3413:11;3622:20;4993:20;
3413:11;3622:20;4993:20;
no error
3413:11;3814:20;4993:20;
no error
3413:11;3622:20;4993:20;
no error
3413:11;3622:20;4993:20;
no error
no error
no error
no error
no error
